-72,-10,-340,89,
--------------
-453,293,-438,219,
--------------
-692,608,-639,289,
--------------
-705,1042,-725,145,
--------------
-1263,1032,-1128,231,
--------------
-1488,1022,-1250,621,
--------------
-1518,1203,-1354,679,
--------------
-1724,2108,-1354,789,
--------------
-1898,2470,-1393,812,
--------------
-2019,2560,-1466,592,
--------------
-2188,2950,-1593,647,
--------------
-2342,3156,-1650,721,
--------------
-2635,3146,-2237,512,
--------------
-2929,3136,-2327,-52,
--------------
-2469,3126,-2409,569,
--------------
-2702,3693,-2409,655,
--------------
-3467,3632,-2104,339,
--------------
-3569,3384,-2101,446,
--------------
-3779,3739,-2168,483,
--------------
-4076,4013,-2168,586,
--------------
-4187,4113,-2299,674,
--------------
-4451,4261,-2689,701,
--------------
-4522,4384,-2864,770,
--------------
-5176,4384,-2245,597,
--------------
-5570,4374,-1110,327,
--------------
-5735,4546,-1110,423,
--------------
-5517,4466,-882,600,
--------------
-5372,4976,-882,678,
--------------
-5731,4853,-352,526,
--------------
-6060,4798,42,601,
--------------
-6164,5188,-454,748,
--------------
-6402,5511,-615,754,
--------------
-6575,5952,-615,967,
--------------
-6735,6696,-855,1012,
--------------
-6942,7056,-902,1099,
--------------
-7132,7102,-918,1249,
--------------
-7577,7668,-1326,1559,
--------------
-7769,8039,-1429,1639,
--------------
-7908,8345,-1668,1524,
--------------
-8208,8727,-1833,1542,
--------------
-8218,8717,-2090,1788,
--------------
-8368,9241,-2130,1840,
--------------
-8570,10130,-2350,1866,
--------------
-8825,10361,-2455,1926,
--------------
-8996,10603,-2586,1984,
--------------
-9096,10856,-2761,2061,
--------------
-9630,10846,-2972,2112,
--------------
-9640,10836,-3107,2340,
--------------
-9942,11000,-3264,2361,
--------------
-10124,11369,-3323,2419,
--------------
-10152,11661,-4365,3675,
--------------
-10365,12217,-4530,3817,
--------------
-10491,12450,-4608,3908,
--------------
-10501,12440,-4873,4241,
--------------
-10712,13340,-4994,4191,
--------------
-10773,13660,-5071,4201,
--------------
-11054,13931,-5146,4286,
--------------
-11071,14017,-5295,4332,
--------------
-11410,14409,-5378,4379,
--------------
-11860,15417,-5489,4507,
--------------
-12237,15616,-5925,4566,
--------------
-12374,15871,-6024,4665,
--------------
-12558,16641,-6213,4723,
--------------
-12655,16817,-6241,4777,
--------------
-12795,17007,-6300,4884,
--------------
-13099,17649,-6510,4935,
--------------
-12666,17744,-6668,5319,
--------------
-12881,18226,-6817,5431,
--------------
-13044,18582,-6933,5522,
--------------
-12434,18766,-7279,5887,
--------------
-12502,18906,-7400,5979,
--------------
-12810,18896,-7410,6061,
--------------
-11117,18534,-7420,6239,
--------------
-10329,18522,-7420,6398,
--------------
-10535,18256,-7204,6484,
--------------
-11100,18157,-6494,6606,
--------------
-11215,18424,-6494,6568,
--------------
-11253,17694,-6504,7243,
--------------
-11341,17622,-6144,6906,
--------------
-11576,17612,-6154,7079,
--------------
-11602,17612,-5982,7540,
--------------
-11678,17570,-5732,7253,
--------------
-11746,17460,-5531,7391,
--------------
-11328,17307,-5471,7718,
--------------
-10067,16678,-5481,7656,
--------------
-9585,16780,-5481,7741,
--------------
-10109,16731,-5041,7805,
--------------
-10379,16609,-4908,7852,
--------------
-10496,16528,-4918,8102,
--------------
-10807,16484,-4378,8146,
--------------
-10817,16474,-4508,8176,
--------------
-10905,16744,-4508,8246,
--------------
-11176,17077,-4508,8367,
--------------
-10873,16663,-4508,8639,
--------------
-10988,16867,-4508,8725,
--------------
-11615,17589,-4510,8881,
--------------
-11686,17543,-4136,8929,
--------------
-12323,18428,-4136,9100,
--------------
-12572,19274,-4136,9135,
--------------
-12735,19264,-4146,9345,
--------------
