2172,6259,2018,2181,
--------------
705,7245,139,273,
--------------
2281,3812,4538,2885,
--------------
263,6973,57,15,
--------------
3483,11,290,4487,
--------------
317,1932,14,633,
--------------
3029,2501,2484,4154,
--------------
36,8814,537,79,
--------------
490,2264,134,1401,
--------------
2268,22,4367,3205,
--------------
1624,55,2104,53,
--------------
231,9213,1660,1525,
--------------
745,5364,781,872,
--------------
787,5658,1012,707,
--------------
67,6498,37,525,
--------------
271,2,5424,2268,
--------------
17,7046,4,569,
--------------
1527,1787,118,792,
--------------
31,6982,340,840,
--------------
382,3356,609,1177,
--------------
1767,9313,2633,793,
--------------
4,6253,336,836,
--------------
173,4733,402,346,
--------------
1123,5106,46,302,
--------------
4414,261,4223,4943,
--------------
945,8613,1429,208,
--------------
1687,6090,2815,2179,
--------------
1014,10806,2371,1435,
--------------
3157,23,3817,3801,
--------------
219,2242,288,79,
--------------
619,1087,2054,1388,
--------------
824,5558,252,163,
--------------
2125,46,2997,3915,
--------------
2914,1656,2559,4253,
--------------
4108,191,543,7252,
--------------
683,5095,929,714,
--------------
1032,5836,825,1724,
--------------
2442,250,934,1443,
--------------
347,6323,1035,347,
--------------
2580,6333,3261,1659,
--------------
507,2533,4073,1647,
--------------
28,9982,103,196,
--------------
124,8589,268,16,
--------------
438,3702,748,1243,
--------------
414,4364,295,324,
--------------
269,5163,66,185,
--------------
320,7533,411,760,
--------------
2542,38,141,77,
--------------
394,38,1268,136,
--------------
17,2808,29,30,
--------------
2863,71,28,607,
--------------
810,14,63,3368,
--------------
727,3242,6179,876,
--------------
1693,3068,3186,3977,
--------------
2830,2048,3011,3491,
--------------
4095,1,24,5519,
--------------
2129,3857,4478,2574,
--------------
1012,6565,870,712,
--------------
380,6656,29,1176,
--------------
826,3834,1779,1321,
--------------
1199,7606,492,608,
--------------
114,5184,854,754,
--------------
3361,30,4095,4669,
--------------
491,3929,1097,887,
--------------
428,6934,1,235,
--------------
834,4999,955,1164,
--------------
157,8955,794,737,
--------------
581,6421,57,138,
--------------
320,8540,1581,2317,
--------------
656,4809,3597,2913,
--------------
4982,16,4003,6244,
--------------
240,7589,16,21,
--------------
2677,46,4929,4891,
--------------
137,5299,422,590,
--------------
1895,4069,36,779,
--------------
2990,5115,2817,2818,
--------------
206,8222,38,501,
--------------
2096,7250,2819,1815,
--------------
718,5028,794,625,
--------------
845,381,378,731,
--------------
745,5918,48,2,
--------------
930,7819,212,84,
--------------
2014,40,4304,3488,
--------------
4943,47,4170,5391,
--------------
993,5121,3,47,
--------------
722,4668,174,181,
--------------
596,20,5917,1701,
--------------
17,19,30,2762,
--------------
3347,180,6094,4159,
--------------
2501,2521,3205,3543,
--------------
850,10921,1939,1323,
--------------
936,2789,650,446,
--------------
465,4376,148,232,
--------------
1779,71,1299,980,
--------------
350,8686,79,281,
--------------
3781,16,2600,1282,
--------------
3307,49,4354,2244,
--------------
537,6052,290,241,
--------------
266,5768,534,239,
--------------
2207,272,1915,3097,
--------------
67,1948,156,276,
--------------
448,607,267,365,
--------------
1175,1845,234,284,
--------------
1432,8438,1277,1940,
--------------
2518,173,455,865,
--------------
577,3313,90,291,
--------------
554,6953,264,606,
--------------
447,9518,101,181,
--------------
1487,37,445,54,
--------------
217,8,11,2966,
--------------
327,6146,34,2588,
--------------
880,2868,64,339,
--------------
1237,4714,92,739,
--------------
886,18,4001,273,
--------------
41,272,6004,13,
--------------
24,4,21,261,
--------------
352,960,26,639,
--------------
136,4799,609,1008,
--------------
652,7578,710,764,
--------------
368,5350,32,196,
--------------
1139,4069,5,118,
--------------
58,23,409,382,
--------------
212,2956,35,1202,
--------------
4720,38,6046,6293,
--------------
982,19,322,93,
--------------
879,6040,27,15,
--------------
1695,3962,7347,794,
--------------
3748,71,98,5214,
--------------
510,882,968,1217,
--------------
1237,7455,30,11,
--------------
1225,30,21,22,
--------------
258,48,3881,2772,
--------------
20,28,39,1836,
--------------
3554,2712,14,5047,
--------------
997,2,430,34,
--------------
56,5803,31,9,
--------------
658,168,1427,455,
--------------
637,4072,37,26,
--------------
1141,4928,4625,1331,
--------------
60,3407,36,1895,
--------------
772,4723,46,2218,
--------------
35,20,1,1065,
--------------
213,228,37,61,
--------------
375,17,6030,5,
--------------
2618,3757,4626,3486,
--------------
820,401,8,366,
--------------
828,3526,27,546,
--------------
1,3736,47,431,
--------------
693,1418,38,1212,
--------------
1031,4209,49,10,
--------------
4458,0,4464,4654,
--------------
10,2089,52,6,
--------------
21,40,31,3096,
--------------
512,266,336,327,
--------------
209,7091,31,57,
--------------
276,19,40,2869,
--------------
322,3194,85,476,
--------------
3,785,4564,481,
--------------
21,79,44,4589,
--------------
548,302,3408,204,
--------------
128,369,2,346,
--------------
263,0,12,2912,
--------------
58,59,12,1805,
--------------
154,279,43,2080,
--------------
380,20,4060,16,
--------------
47,2,3,163,
--------------
1013,4704,801,28,
--------------
4,124,42,462,
--------------
2065,3043,5651,2319,
--------------
718,1195,16,573,
--------------
541,5,999,951,
--------------
171,205,2366,442,
--------------
2352,3453,2405,3422,
--------------
1450,7518,2438,2757,
--------------
1823,5812,3755,1637,
--------------
707,3026,9,601,
--------------
251,4391,691,74,
--------------
24,5350,245,558,
--------------
13,273,65,4134,
--------------
3064,101,3675,2495,
--------------
673,5860,369,1255,
--------------
357,6829,617,450,
--------------
542,5452,12,27,
--------------
2405,7768,1543,1605,
--------------
493,7580,72,461,
--------------
214,8720,617,722,
--------------
972,5870,1115,340,
--------------
823,5817,82,1800,
--------------
352,6631,352,723,
--------------
492,7437,1368,879,
--------------
82,4393,1265,104,
--------------
2980,336,652,1596,
--------------
1401,6057,3390,1376,
--------------
250,4061,436,333,
--------------
306,3414,100,223,
--------------
37,5798,20,209,
--------------
1137,6460,2438,2749,
--------------
2507,83,2468,4116,
--------------
6625,41,1051,490,
--------------
673,4606,148,14,
--------------
65,5227,267,415,
--------------
1501,9732,248,536,
--------------
1039,4739,20,84,
--------------
4461,43,20,22,
--------------
2925,7143,2543,2610,
--------------
2963,51,511,1828,
--------------
723,885,703,207,
--------------
1969,5193,1131,3539,
--------------
1042,40,26,603,
--------------
574,2278,897,847,
--------------
297,5324,114,215,
--------------
217,5157,3,376,
--------------
102,6161,57,1005,
--------------
2029,3255,2283,4814,
--------------
57,19,61,4639,
--------------
117,5421,78,219,
--------------
80,3361,305,54,
--------------
600,11255,267,108,
--------------
219,5230,1253,837,
--------------
226,5667,391,1883,
--------------
16,17,5301,1285,
--------------
143,8611,568,481,
--------------
2257,338,77,1519,
--------------
131,2601,384,46,
--------------
11,7157,182,111,
--------------
585,5703,91,226,
--------------
794,4735,1062,948,
--------------
2482,4618,1871,3486,
--------------
267,6540,582,93,
--------------
7,2539,168,140,
--------------
45,7357,168,173,
--------------
4104,12,3383,4206,
--------------
446,4718,446,432,
--------------
591,34,838,12152,
--------------
136,5499,78,44,
--------------
490,11807,44,327,
--------------
842,2136,15,1932,
--------------
2710,12,3234,4925,
--------------
517,5807,381,587,
--------------
52,3994,1045,239,
--------------
832,545,8213,7023,
--------------
54,4495,1110,855,
--------------
2284,4830,2723,2569,
--------------
1596,8878,977,1270,
--------------
235,5205,411,415,
--------------
1545,7163,1741,1759,
--------------
1235,7093,3020,2905,
--------------
913,1331,782,565,
--------------
7,3542,15,110,
--------------
4845,13,5039,4975,
--------------
855,8761,681,364,
--------------
1165,96,7072,47,
--------------
1656,2810,4344,1918,
--------------
2608,11,19,142,
--------------
94,2729,26,97,
--------------
64,28,48,2677,
--------------
25,92,34,4294,
--------------
413,5456,61,350,
--------------
105,297,2889,807,
--------------
4,2,43,1033,
--------------
461,6161,47,1764,
--------------
587,237,115,39,
--------------
173,24,3626,50,
--------------
1531,684,32,592,
--------------
915,499,67,1096,
--------------
824,429,1225,240,
--------------
2902,4869,3152,2389,
--------------
50,343,2,634,
--------------
0,3092,18,502,
--------------
621,1002,25,744,
--------------
47,22,10,3242,
--------------
504,625,3850,192,
--------------
8,7182,41,896,
--------------
452,290,6,202,
--------------
1813,3271,3782,3936,
--------------
1951,13,25,703,
--------------
682,3119,2,20,
--------------
40,5085,5,589,
--------------
1537,4947,2,3280,
--------------
3488,2543,6056,3436,
--------------
320,4,5017,723,
--------------
50,24,947,125,
--------------
880,4806,48,2245,
--------------
3011,4439,14,3457,
--------------
62,0,41,2330,
--------------
1084,67,222,39,
--------------
1801,13,42,4409,
--------------
45,6,29,2913,
--------------
460,267,2840,628,
--------------
839,161,19,127,
--------------
16,290,8,3278,
--------------
5,310,77,2833,
--------------
7,8038,32,110,
--------------
3,59,10,3889,
--------------
114,868,27,524,
--------------
29,18,29,6048,
--------------
229,25,6,1435,
--------------
97,1192,7389,1769,
--------------
102,16,2599,578,
--------------
292,295,2298,906,
--------------
