400
267
400
321
400
132
400
400
203
400
400
400
204
285
209
400
313
163
330
226
400
215
148
200
400
400
400
400
400
169
189
214
400
400
400
238
400
400
209
400
400
287
278
192
176
362
273
340
393
187
142
400
400
400
400
400
400
263
252
400
335
174
400
187
221
356
394
252
400
400
400
362
400
203
215
400
239
400
183
214
225
236
400
400
193
161
290
203
400
400
400
164
202
391
246
400
400
208
337
400
156
151
111
400
256
153
226
286
315
360
400
212
400
203
278
255
396
254
261
214
400
388
268
400
327
321
400
400
187
353
145
400
399
400
257
301
105
315
400
400
400
187
78
242
400
332
234
158
124
248
400
203
196
231
245
299
147
290
216
128
117
192
194
316
158
350
249
254
400
148
120
166
400
400
400
147
265
278
308
400
232
220
251
400
203
285
285
324
238
252
245
400
400
159
216
240
400
400
386
210
